164
HF = -7676.48646 Eh, G = -7675.33559 Eh
H     1.544872   -3.099763   10.275842
C     0.966198   -8.531074   24.168159
C     0.922464   -9.179933   22.975820
C     0.874765   -8.165191   21.945748
C     0.945511   -7.113998   23.877473
N     0.898634   -6.928610   22.525040
C     0.986604   -6.104225   24.851286
C     1.028588   -4.727825   24.580623
N     1.077931   -4.150656   23.343742
C     1.099366   -2.797182   23.526985
C     1.004756   -3.694441   25.592864
C     1.048403   -2.502907   24.942568
C     1.144082   -1.824285   22.516353
C     1.133432   -2.094252   21.139215
N     1.037517   -3.327702   20.560714
C     1.206013   -1.735581   18.914679
C     1.244818   -1.086414   20.107071
C     0.925351   -5.529437   18.505780
N     0.947690   -6.109873   19.741816
C     0.847246   -7.459896   19.558994
C     0.740925   -7.746981   18.145099
C     0.789453   -6.555620   17.494950
C     0.830850   -8.433982   20.569033
C     1.001798   -4.154462   18.234236
C     1.069876   -3.145745   19.207318
H     1.021857   -8.968847   25.160867
H     0.935423  -10.252298   22.802404
C     1.206603   -0.392397   22.938353
C     0.983947   -6.526011   26.284523
C     1.010139   -3.738256   16.800096
C     2.108505   -4.018199   15.980886
H     2.976438   -4.526545   16.405773
C     2.107539   -3.653239   14.639488
C     1.012996   -2.990082   14.078454
H     2.975815   -3.874023   14.015593
C    -0.079573   -2.699380   14.899504
C     1.005134   -2.609806   12.622152
C    -0.083437   -3.071222   16.239395
H    -0.948011   -2.192879   14.473814
H    -0.953945   -2.854004   16.861757
C     2.355323    0.122286   23.548476
C     0.116945    0.459873   22.730739
C     0.173502    1.794143   23.124191
C     1.322674    2.296497   23.730448
C     2.413952    1.456725   23.941159
H    -0.785717    0.066490   22.258795
H    -0.687653    2.444888   22.958190
H     1.367847    3.343086   24.038726
H     3.212772   -0.533963   23.710921
H     3.319964    1.843421   24.412550
C    -0.155669   -7.101440   26.856358
C     2.120484   -6.352184   27.081316
C    -0.159768   -7.492813   28.192433
C     0.977728   -7.315515   28.976753
C     2.118403   -6.744341   28.417169
H     3.016394   -5.907738   26.643054
H     0.975274   -7.622664   30.024647
H     3.015511   -6.604943   29.024103
H    -1.049253   -7.237408   26.243756
H    -1.059324   -7.936692   28.624153
H     0.947097   -3.864526   26.664282
H     1.033464   -1.507755   25.378053
H     1.353548   -0.019258   20.279084
H     1.276714   -1.303863   17.920207
H     0.724702   -6.379918   16.424880
H     0.629166   -8.736451   17.710769
C     0.763870   -9.865595   20.146989
C     1.851413  -10.472724   19.510238
C    -0.387030  -10.625326   20.381435
C     1.790617  -11.807143   19.117945
C    -0.449861  -11.959480   19.988478
C     0.639275  -12.554386   19.355731
H     2.755837   -9.889173   19.326544
H     2.650195  -12.266729   18.625489
H     0.590776  -13.600914   19.047770
H    -1.357519  -12.537187   20.175588
H    -1.242802  -10.159233   20.874054
N     1.507297   -3.452768   11.739427
N     0.491737   -1.447684   12.263814
H     1.766428   -4.340615   12.158947
H     0.234673   -0.875391   13.062343
Zn    0.987938   -5.128417   21.541707
H    -6.539816   -4.205892    0.314879
C    -6.330382   -3.143888    0.170486
H    -4.191056   -3.409110    0.252242
H    -8.412927   -2.587942    0.045119
C    -5.011823   -2.698378    0.136130
C    -7.378522   -2.239173    0.017718
H     0.574942    0.217469   -8.047436
H     0.814977   -0.299535   -5.632836
C    -4.721157   -1.343213   -0.052958
C    -7.100200   -0.887242   -0.170324
H    -4.563578   -0.808928   -2.682503
C     0.033880    0.812177   -7.308426
C    -3.549397   -0.438207   -2.563593
C     0.170051    0.520994   -5.953852
C    -5.781107   -0.443383   -0.206102
C    -3.305532   -0.867012   -0.091056
C    -2.732828    0.069073   -3.523021
H    -4.148047   -1.622385    2.558786
H    -2.948332    0.194413   -4.580375
H    -7.916189   -0.171021   -0.287577
C    -2.805541   -0.416260   -1.323138
C    -3.121679   -1.312700    2.383126
C    -2.576038   -0.905685    1.106377
C    -1.482716    0.405104   -2.877437
C    -0.791987    1.855769   -7.719959
H     0.285295   -2.948503    4.353925
N    -1.557954    0.090435   -1.550164
C    -2.118085   -1.211738    3.292285
H    -0.898642    2.085038   -8.782243
H     0.497352   -3.470610    6.761225
C    -0.518042    1.266789   -4.991025
N    -1.264052   -0.558371    1.263479
H    -2.165774   -1.422459    4.357016
C    -0.371931    0.952640   -3.537757
C     0.412673   -2.139101    5.074825
H    -5.564491    0.617074   -0.350257
C    -0.949515   -0.742642    2.578734
C     0.538537   -2.432285    6.427040
Zn   -0.034143    0.220050   -0.184715
C     0.866412    1.225532   -2.936698
C    -1.481099    2.605324   -6.769293
C     0.300728   -0.503795    3.169613
C    -1.345370    2.311928   -5.415122
C     0.443417   -0.816018    4.622663
N     1.205379    0.969255   -1.638752
H     5.337218    0.139836   -1.542497
C     1.985212    1.845565   -3.612524
C     0.690566   -1.405196    7.361801
N     1.477356    0.385857    1.191396
N     1.507361   -2.769044    9.192448
C     1.424704    0.005376    2.501557
H     1.990810    2.174969   -4.647727
C     0.809626   -1.719682    8.813933
H     2.023783   -3.261696    8.474447
C     2.494523    1.384146   -1.465809
C     2.990473    1.943417   -2.704447
N     0.211662   -0.945767    9.693683
C     2.749397    0.820058    0.945063
H    -2.127912    3.427261   -7.083314
C     2.724936    0.189786    3.109387
C     5.625372    1.055504   -1.022114
C     0.603668    0.207429    5.562404
C     3.237568    1.305370   -0.277190
H    -0.395441   -0.222341    9.328687
C     0.721449   -0.081371    6.916501
H    -1.883425    2.902476   -4.670811
H     0.314084   -1.115924   10.813987
H     7.692647    0.916398   -1.610695
C     3.542402    0.692262    2.148522
H     2.980678   -0.049565    4.137859
H     3.979390    2.368443   -2.851403
C     6.946725    1.492466   -1.059057
C     4.655226    1.775547   -0.317150
H     0.633558    1.244722    5.224437
H     4.595284    0.944527    2.237843
H     0.854889    0.731129    7.633231
C     7.316927    2.658093   -0.392126
C     5.037777    2.944284    0.349429
C     6.358463    3.383280    0.312070
H     8.353051    3.001577   -0.421258
H     4.286716    3.515654    0.898727
H     6.639680    4.299958    0.834744
