168
HF = -5751.48368 Eh, G = -5750.403010 Eh
N    -0.507814   -2.276848    2.544433
C     0.246196   -1.520413    7.539523
C    -0.155120    0.520596    0.164023
C     0.676347    0.487656   -1.006353
C    -0.782867    1.690382    0.508746
C     0.813154    1.603936   -1.827195
C     2.114039    1.941763   -2.381397
C     1.827413   -0.346116   -0.717338
C     3.069048   -0.032942   -1.264298
C     3.214274    1.143419   -2.106317
C    -0.212964    1.381835    2.896883
C     0.271429   -0.048583    2.689998
C    -0.813235    2.135287    1.921139
C     0.306303   -0.530815    1.169337
C     1.706591   -0.825203    0.631575
C     1.647304    0.033276    3.351999
C     2.797795   -0.482702    2.818517
C     2.829444   -0.930517    1.408362
C     0.046830    4.211669    2.930654
C     0.689709    3.419595    3.948241
C    -0.679827    3.573485    1.928412
C     0.571961    2.033057    3.907777
C     1.723148    1.197856    4.189416
C     1.972631    4.029188    4.259232
C     3.072791    3.229864    4.532020
C     2.945515    1.781481    4.508032
C     0.261561    5.093852    0.237820
C     1.031902    5.748511    1.281859
C    -0.568756    4.028475    0.555017
C     0.926507    5.316945    2.597887
C     2.118462    5.204712    3.420915
C     2.327701    6.090684    0.730854
C     3.467920    5.982758    1.517013
C     3.361221    5.529389    2.891162
C     0.140680    2.827650   -1.472295
C     1.020100    3.935329   -1.797630
C    -0.631490    2.867951   -0.314175
C     1.079613    5.043337   -0.962245
C     2.357241    5.654759   -0.656145
C     2.241431    3.387289   -2.361873
C     3.466504    3.971669   -2.065403
C     3.525664    5.130999   -1.194874
C     5.331776    4.630802    1.981401
C     4.686901    5.429209    0.954272
C     4.715012    5.013188   -0.369944
C     5.972001    3.446418    1.639103
C     5.042170    2.330400    3.623256
C     4.372549    3.568873    3.982276
C     4.513592    4.693043    3.178263
C     5.822857    2.272595    2.475756
C     4.894271    0.065011    1.916107
C     4.074917    0.124398    3.112107
C     4.156009    1.230268    3.954115
C     5.752531    1.110563    1.606047
C     5.136155    0.949226   -0.772045
C     4.250572   -0.154039   -0.448798
C     4.124092   -0.582437    0.870174
C     5.870713    1.567571    0.231638
C     5.389398    3.778812   -0.730288
C     4.619003    3.135483   -1.778151
C     4.495906    1.751791   -1.799916
C     6.001555    3.010680    0.252113
C    -0.678982   -1.098931    3.364190
C    -0.587777   -1.791636    1.188159
C    -1.424743   -3.358292    2.827912
C    -0.393738   -1.300042    4.828877
C    -1.073150   -0.536501    5.778748
C    -0.755182   -0.639438    7.127676
C     0.919721   -2.298263    6.593581
C     0.603090   -2.186293    5.248090
H    -1.712308   -0.701000    3.264851
H    -1.627212   -1.504556    0.921161
H    -0.253543   -2.549869    0.466449
H    -1.218026   -4.204005    2.157076
H    -2.485040   -3.058219    2.689172
H    -1.299548   -3.705565    3.861986
H    -1.856815    0.152662    5.457087
H    -1.280488   -0.038545    7.869717
H     1.129726   -2.780291    4.500569
H     1.697282   -2.983442    6.932702
C     0.615317   -1.646708    8.972455
O     1.506743   -2.407318    9.341617
O    -0.071391   -0.895496    9.787065
H     1.610662   -3.967459   19.433315
H     0.405367   -2.741301   19.928269
H     0.653318   -3.090856   18.202463
C     1.162143   -2.986229   19.169790
N     2.149123   -1.931403   19.109535
H     3.285036   -2.644511   20.748828
C     3.088553   -2.850043   14.419656
H     3.738027   -3.090270   18.342980
C     1.633334   -1.949695   12.582636
C     3.439587   -2.903948   15.763506
C     2.032664   -2.033953   14.010352
O     2.329627   -2.692301   11.768100
C     2.832577   -1.707356   20.359677
O     0.710911   -1.225164   12.217131
C     2.751363   -2.141645   16.708062
C     1.332094   -1.278045   14.954462
C     1.691431   -1.330039   16.292557
H     2.151006   -1.319486   21.129475
C     3.205287   -2.135194   18.143976
H     3.628972   -3.440549   13.680064
H     4.264732   -3.543845   16.083411
H     0.508517   -0.647648   14.617868
H     1.158310   -0.737056   17.036205
C     3.959309   -0.706632   20.016782
C     4.218330   -0.980803   18.466244
C     5.192461   -0.867216   20.900880
C     5.653454   -1.357342   18.115197
C     6.368862   -1.434985   20.483140
C     3.573316    0.735198   20.347377
C     6.607121   -1.688081   19.043427
C     4.035307    0.247550   17.574349
C     5.224267    0.162295   21.901335
C     4.222059    1.153258   21.559058
C     3.220715    1.676621   19.417362
C     3.462540    1.423186   17.979522
C     6.051969   -0.717859   16.892680
C     5.049604    0.274779   16.557752
C     7.624065   -1.019662   21.065051
C     8.002093   -1.421957   18.779305
C     6.420799    0.556846   22.493865
C     7.654681   -0.050635   22.064677
C     8.631591   -1.011228   20.020629
C     4.454553    2.499709   21.826930
C     7.393267   -0.477872   16.607589
C     3.479581    3.076736   19.661865
C     8.395919   -0.839277   17.577185
C     3.859366    2.674128   17.376652
C     5.426546    1.465369   15.943874
C     4.073383    3.489481   20.851896
C     6.671263    1.964992   22.754511
C     3.871117    3.694403   18.408238
C     4.815162    2.700309   16.364563
C     5.712194    2.912374   22.428569
C     7.789303    0.775595   15.986277
C     8.680473    0.975860   22.049824
C     9.620714   -0.038290   20.013126
C     6.829750    1.723342   15.662803
C     9.420405    0.188660   17.569850
C     8.072281    2.223660   22.478201
C     9.641806    0.982435   21.047375
C     5.093697    4.521267   20.834580
C    10.019559    0.580499   18.760124
C     6.107723    4.165344   21.812096
C     4.836327    4.691388   18.392145
C     9.045564    1.188033   16.584290
C     5.833589    3.733661   16.355115
C     7.081030    3.129674   15.919065
C     5.466804    5.109567   19.632894
C     5.844517    4.707309   17.345760
C     8.452543    3.421049   21.885015
C    10.041032    2.231961   20.431587
C     7.448159    4.413719   21.544635
C    10.274374    1.983524   19.017910
C     9.286819    2.533417   16.833365
C     8.282455    3.526047   16.493125
C     9.459125    3.425440   20.840069
C     6.864971    5.371119   19.355499
C     9.915410    2.939705   18.076310
C     7.098388    5.122765   17.941865
C     7.835176    5.031025   20.289805
C     8.291475    4.545241   17.526060
C     9.078889    4.421456   19.854083
C     9.301670    4.184234   18.504509
H     2.005302   -2.583655   10.814289
H     0.234007   -1.027412   10.744340
